name: detectron2
channels:
  - pytorch
  - anaconda
  - conda-forge
  - defaults
dependencies:
  - blas=1.0=mkl
  - bzip2=1.0.8=h0b31af3_2
  - ca-certificates=2020.1.1=0
  - cairo=1.16.0=ha8983da_1004
  - certifi=2020.6.20=py38_0
  - click=7.1.2=py_0
  - cycler=0.10.0=py_2
  - cython=0.29.20=py38hc84c608_0
  - ffmpeg=4.2.3=hd0c0d6a_0
  - flask=1.1.2=py_0
  - flask-cors=3.0.8=py_0
  - fontconfig=2.13.1=h79c0d67_1002
  - freetype=2.10.2=ha233b18_0
  - gettext=0.19.8.1=h46ab8bc_1002
  - glib=2.65.0=h577aef8_0
  - gmp=6.2.0=h4a8c4bd_2
  - gnutls=3.6.13=hc269f14_0
  - graphite2=1.3.13=h12caacf_1001
  - harfbuzz=2.4.0=h1050040_5
  - hdf5=1.10.6=nompi_h3e39495_100
  - icu=67.1=h4a8c4bd_0
  - intel-openmp=2019.4=233
  - itsdangerous=1.1.0=py_0
  - jasper=1.900.1=h636a363_1006
  - jinja2=2.11.2=py_0
  - jpeg=9d=h0b31af3_0
  - kiwisolver=1.2.0=py38ha0d09dd_0
  - lame=3.100=h1de35cc_1001
  - libblas=3.8.0=14_mkl
  - libcblas=3.8.0=14_mkl
  - libcxx=10.0.0=1
  - libedit=3.1.20191231=haf1e3a3_0
  - libffi=3.2.1=h4a8c4bd_1007
  - libgfortran=4.0.0=2
  - libiconv=1.15=h0b31af3_1006
  - liblapack=3.8.0=14_mkl
  - liblapacke=3.8.0=14_mkl
  - libopencv=4.3.0=py38_1
  - libpng=1.6.37=ha441bb4_0
  - libtiff=4.1.0=hcb84e12_1
  - libwebp-base=1.1.0=h0b31af3_3
  - libxml2=2.9.10=hc06c4ae_1
  - llvm-openmp=10.0.0=h28b9765_0
  - lz4-c=1.9.2=h0a44026_0
  - markupsafe=1.1.1=py38h1de35cc_0
  - matplotlib-base=3.2.2=py38h1300a51_0
  - mkl=2019.4=233
  - mkl-service=2.3.0=py38hfbe908c_0
  - mkl_fft=1.1.0=py38hc64f4ea_0
  - mkl_random=1.1.1=py38h959d312_0
  - ncurses=6.2=h0a44026_1
  - nettle=3.4.1=h3efe00b_1002
  - ninja=1.9.0=py38h04f5b5a_0
  - numpy=1.18.5=py38h1f821a2_0
  - olefile=0.46=py_0
  - opencv=4.3.0=py38_1
  - openh264=2.1.1=hd174df1_0
  - openssl=1.1.1g=h1de35cc_0
  - pcre=8.44=h4a8c4bd_0
  - pillow=7.1.2=py38h4655f20_0
  - pip=20.1.1=py38_1
  - pixman=0.38.0=h01d97ff_1003
  - py-opencv=4.3.0=py38h23f93f0_1
  - pycocotools=2.0.1=py38h64e0658_0
  - pyparsing=2.4.7=pyh9f0ad1d_0
  - python=3.8.3=cpython_hd5f0129_0
  - python-dateutil=2.8.1=py_0
  - python_abi=3.8=1_cp38
  - pytorch=1.5.1=py3.8_0
  - pyyaml=5.3.1=py38h1de35cc_0
  - readline=8.0=h1de35cc_0
  - setuptools=47.3.1=py38_0
  - six=1.15.0=py_0
  - sqlite=3.32.3=hffcf06c_0
  - tk=8.6.10=hb0a8c7a_0
  - torchvision=0.6.1=py38_cpu
  - tornado=6.0.4=py38h64e0658_1
  - werkzeug=1.0.1=py_0
  - wheel=0.34.2=py38_0
  - x264=1!152.20180806=h1de35cc_0
  - xz=5.2.5=h1de35cc_0
  - yaml=0.1.7=hc338f04_2
  - zlib=1.2.11=h1de35cc_3
  - zstd=1.4.4=h1990bb4_3
  - pip:
    - absl-py==0.9.0
    - cachetools==4.1.0
    - chardet==3.0.4
    - cloudpickle==1.4.1
    - detectron2==0.1.2
    - future==0.18.2
    - fvcore==0.1.1.post20200623
    - google-auth==1.18.0
    - google-auth-oauthlib==0.4.1
    - grpcio==1.30.0
    - idna==2.9
    - markdown==3.2.2
    - mock==4.0.2
    - oauthlib==3.1.0
    - portalocker==1.7.0
    - protobuf==3.12.2
    - pyasn1==0.4.8
    - pyasn1-modules==0.2.8
    - pydot==1.4.1
    - requests==2.24.0
    - requests-oauthlib==1.3.0
    - rsa==4.6
    - tabulate==0.8.7
    - tensorboard==2.2.2
    - tensorboard-plugin-wit==1.6.0.post3
    - termcolor==1.1.0
    - tqdm==4.46.1
    - urllib3==1.25.9
    - yacs==0.1.7
prefix: /Users/bugsbunny/miniconda3/envs/detectron2

